Vector Y: 6  13  20  27  34  41  48  55  62  69  76  83  90  97  104  111  118  125  132  139
Size(Y): 20
Capacity(Y): 20
Vector Z: 0  1  2  3  4  5  6  7  8  9
Size(Z): 10
Capacity(Z): 20
Z = YVector Z: 6  13  20  27  34  41  48  55  62  69  76  83  90  97  104  111  118  125  132  139
Size(Z): 20
Capacity(Y): 20
Clear Z: Empty
Y[0]: 6
Y[15]:111
Y.at(0): 6
Y.at(15):111
Y.reserve(50)
Size(Y): 20
Capacity(Y): 70
 6  13  20  27  34  41  48  55  62  69  76  83  90  97  104  111  118  125  132  139  0  1  2  3  4  5  6  7  8  9
Front: 6
Back: 9
Pop_Back Pop_Front
Vector Y: 13  20  27  34  41  48  55  62  69  76  83  90  97  104  111  118  125  132  139  0  1  2  3  4  5  6  7  8
InsertAt(4,60):
Vector Y: 13  20  27  34  60  41  48  55  62  69  76  83  90  97  104  111  118  125  132  139  0  1  2  3  4  5  6  7
8